41 122
0 39
0 40
1 2
1 3
1 4
2 1
2 5
2 6
3 1
3 7
3 8
3 9
4 1
4 10
4 11
5 2
5 6
5 12
6 2
6 5
6 7
7 3
7 6
7 8
7 21
8 3
8 7
8 9
8 28
9 3
9 8
9 10
9 29
10 4
10 9
10 11
11 4
11 10
11 32
12 5
12 13
12 17
13 12
13 14
14 13
14 15
15 14
15 16
16 15
16 20
17 12
17 18
18 19
18 17
19 20
19 18
19 25
20 16
20 19
20 26
21 22
21 7
21 23
22 24
22 21
23 21
23 28
23 24
24 25
24 22
24 23
25 19
25 24
25 28
25 26
26 20
26 29
26 25
26 29
26 27
27 26
27 30
27 31
28 23
28 25
28 8
28 29
29 9
29 28
29 26
29 26
29 30
29 36
30 27
30 31
30 39
30 29
31 27
31 30
32 33
32 11
32 34
33 37
33 32
34 32
34 35
35 34
35 38
36 29
36 39
36 37
37 36
37 33
38 40
38 35
39 30
39 36
39 40
39 0
40 39
40 38
40 0
