30 180
0 15
15 0
0 26
26 0
1 3
3 1
1 13
13 1
1 22
22 1
1 23
23 1
2 0
0 2
2 1
1 2
2 8
8 2
2 11
11 2
2 21
21 2
3 0
0 3
3 5
5 3
3 19
19 3
3 23
23 3
5 0
0 5
5 13
13 5
6 10
10 6
7 4
4 7
7 5
5 7
7 10
10 7
7 13
13 7
8 4
4 8
8 25
25 8
8 27
27 8
9 3
3 9
10 4
4 10
10 11
11 10
10 17
17 10
10 18
18 10
10 21
21 10
11 13
13 11
11 23
23 11
11 27
27 11
11 29
29 11
12 22
22 12
12 25
25 12
13 15
15 13
13 23
23 13
14 7
7 14
14 13
13 14
15 0
0 15
15 5
5 15
15 10
10 15
15 19
19 15
16 9
9 16
16 19
19 16
16 22
22 16
16 29
29 16
17 0
0 17
17 11
11 17
17 20
20 17
18 5
5 18
18 9
9 18
18 16
16 18
18 17
17 18
19 3
3 19
20 5
5 20
20 17
17 20
21 2
2 21
21 6
6 21
21 11
11 21
21 25
25 21
22 10
10 22
23 5
5 23
23 9
9 23
23 11
11 23
23 14
14 23
23 29
29 23
24 8
8 24
24 12
12 24
24 14
14 24
24 15
15 24
24 29
29 24
25 7
7 25
25 13
13 25
26 3
3 26
26 24
24 26
27 2
2 27
27 14
14 27
27 19
19 27
28 2
2 28
28 8
8 28
28 12
12 28
28 22
22 28
29 5
5 29
29 10
10 29
29 19
19 29
29 27
27 29
29 28
28 29
