40 400
0 2
2 0
0 5
5 0
0 17
17 0
0 20
20 0
0 30
30 0
1 21
21 1
2 0
0 2
2 18
18 2
2 30
30 2
2 32
32 2
2 33
33 2
2 36
36 2
3 1
1 3
3 19
19 3
3 21
21 3
3 31
31 3
3 35
35 3
3 36
36 3
4 5
5 4
5 4
4 5
5 18
18 5
5 39
39 5
6 1
1 6
6 23
23 6
6 27
27 6
7 20
20 7
7 29
29 7
8 15
15 8
8 18
18 8
8 20
20 8
8 27
27 8
8 35
35 8
9 4
4 9
9 15
15 9
9 19
19 9
9 23
23 9
9 32
32 9
9 35
35 9
9 37
37 9
10 8
8 10
10 9
9 10
10 14
14 10
10 33
33 10
10 37
37 10
11 0
0 11
11 12
12 11
11 19
19 11
11 39
39 11
12 11
11 12
12 18
18 12
12 22
22 12
12 24
24 12
12 29
29 12
12 35
35 12
12 36
36 12
13 8
8 13
13 22
22 13
13 26
26 13
13 36
36 13
13 39
39 13
14 4
4 14
14 22
22 14
14 30
30 14
14 34
34 14
14 37
37 14
15 1
1 15
15 5
5 15
15 12
12 15
15 19
19 15
15 21
21 15
15 26
26 15
15 36
36 15
15 39
39 15
16 20
20 16
16 22
22 16
16 26
26 16
16 27
27 16
17 3
3 17
17 10
10 17
17 19
19 17
17 23
23 17
17 27
27 17
17 28
28 17
17 31
31 17
17 39
39 17
18 3
3 18
18 5
5 18
18 14
14 18
18 22
22 18
18 30
30 18
18 37
37 18
18 38
38 18
19 1
1 19
19 7
7 19
19 8
8 19
19 17
17 19
19 22
22 19
19 36
36 19
20 5
5 20
20 10
10 20
20 24
24 20
20 29
29 20
20 30
30 20
21 19
19 21
21 29
29 21
21 32
32 21
22 5
5 22
22 6
6 22
22 9
9 22
22 10
10 22
22 32
32 22
22 34
34 22
23 0
0 23
23 5
5 23
23 11
11 23
23 12
12 23
23 17
17 23
23 28
28 23
23 32
32 23
23 34
34 23
24 10
10 24
24 14
14 24
24 26
26 24
24 28
28 24
24 34
34 24
25 0
0 25
25 14
14 25
25 16
16 25
25 26
26 25
25 30
30 25
26 5
5 26
26 25
25 26
27 18
18 27
27 22
22 27
27 24
24 27
27 29
29 27
27 34
34 27
27 37
37 27
28 8
8 28
28 20
20 28
28 22
22 28
28 39
39 28
29 9
9 29
29 12
12 29
29 13
13 29
29 16
16 29
29 19
19 29
29 33
33 29
29 38
38 29
30 1
1 30
30 10
10 30
30 13
13 30
30 32
32 30
30 34
34 30
30 37
37 30
30 38
38 30
31 1
1 31
31 14
14 31
31 30
30 31
31 35
35 31
32 0
0 32
32 1
1 32
32 8
8 32
32 9
9 32
32 12
12 32
32 15
15 32
32 18
18 32
32 23
23 32
32 24
24 32
33 4
4 33
33 18
18 33
33 24
24 33
33 27
27 33
33 30
30 33
34 3
3 34
34 16
16 34
35 7
7 35
35 13
13 35
35 21
21 35
35 39
39 35
36 0
0 36
36 12
12 36
36 23
23 36
36 25
25 36
36 29
29 36
36 34
34 36
37 2
2 37
37 17
17 37
37 22
22 37
37 29
29 37
38 0
0 38
38 9
9 38
38 16
16 38
38 35
35 38
39 9
9 39
39 14
14 39
39 19
19 39
39 21
21 39
39 22
22 39
39 32
32 39
